34
57
107
114
129
192
204
211
276
309
326
327
330
398
402
413
438
485
507
508
513
538
565
589
599
605
624
632
655
703
714
783
829
888
895
904
931
934
963
1014
1038
1040
1064
1068
1124
1161
1191
1202
1206
1227
1257
1298
1304
1319
1355
1411
1444
1456
1477
1569
1603
1631
1651
1669
1671
1727
1773
1792
1799
1810
1828
1835
1846
1897
2033
2069
2086
2165
2199
2205
2223
2224
2263
2276
2277
2301
2379
2394
2404
2449
2450
2494
2540
2559
2570
2573
2599
2675
2831
2835
2939
3014
3047
3086
3113
3115
3170
3179
3258
3319
3338
3354
3396
3414
3449
3463
3510
3529
3540
3687
3692
3720
3724
3734
3762
3796
3867
3891
3939
3945
3946
3992
4093
4149
4165
4181
4203
4217
4340
4354
4358
4399
4421
4565
4660
4722
4742
4752
4767
4780
4798
4806
4814
4825
4870
4886
4903
4918
4931
4936
4956
5101
5140
5157
5210
5216
5235
5241
5272
5280
5284
5288
5335
5338
5342
5343
5355
5361
5393
5413
5468
5485
5507
5554
5566
5600
5605
5616
5633
5639
5651
5686
5694
5711
5749
5769
5819
5840
5930
5933
5962
6000
6037
6069
6088
6141
6156
6168
6181
6189
6198
6226
6332
6346
6377
6467
6486
6492
6496
6520
6585
6633
6637
6685
6731
6796
6875
6884
6948
7044
7086
7108
7144
7145
7148
7173
7256
7293
7297
7320
7401
7402
7412
7421
7427
7429
7467
7537
7539
7542
7589
7653
7662
7663
7704
7713
7721
7729
7738
7750
7822
7837
7856
7932
7980
7981
8002
8026
8070
8083
8168
8195
8246
8249
8254
8256
8258
8264
8299
8351
8370
8427
8440
8454
8460
8464
8471
8515
8521
8555
8569
8572
8600
8635
8681
8725
8764
8774
8798
8814
8847
8850
8857
8909
8913
8934
8937
8958
8986
9035
9038
9042
9056
9086
9109
9194
9212
9341
9385
9510
9576
9610
9613
9699
9731
9756
9782
9805
9860
9917
9931
9957
9959
10041
10049
10079
10107
10114
10185
10193
10258
10317
10329
10341
10374
10389
10402
10463
10486
10499
10557
10570
10614
10624
10631
10654
10673
10695
10761
10779
10782
10800
10828
10832
10938
11023
11049
11065
11086
11118
11210
11225
11254
11274
11345
11355
11356
11376
11383
11393
11473
11514
11595
11664
11678
11695
11698
11700
11706
11736
11738
11853
11973
11987
12019
12032
12083
12093
12171
12221
12288
12317
12329
12343
12387
12431
12435
12489
12498
12529
12541
12582
12593
12641
12672
12707
12740
12875
12879
12969
12987
13027
13048
13076
13079
13108
13153
13218
13231
13243
13291
13301
13343
13346
13373
13414
13417
13431
13457
13566
13568
13572
13577
13579
13582
13616
13618
13620
13674
13745
13791
13811
13829
13866
13870
13957
13958
13959
13982
14024
14063
14070
14079
14197
14223
14229
14255
14273
14278
14282
14283
14313
14343
14347
14356
14421
14550
14563
14590
14593
14609
14659
14688
14726
14737
14773
14960
14992
15009
15011
15041
15116
15148
15151
15160
15192
15204
15215
15244
15257
15280
15313
15315
15347
15378
15393
15446
15493
15516
15539
15559
15571
15608
15728
15745
15750
15781
15795
15800
15827
15830
15903
15904
15944
15981
16003
16043
16067
16104
16122
16132
16135
16202
16248
16283
16366
16417
16447
16494
16499
16549
16566
16583
16586
16587
16589
16594
16595
16602
16611
16621
16649
16663
16665
16696
16702
16736
16788
16804
16821
16822
16829
16837
16849
16852
16859
16929
16933
17025
17084
17088
17105
17109
17211
17216
17220
17266
17278
17342
17431
17432
17484
17557
17591
17651
17712
17721
17736
17739
17747
17750
17761
17805
17840
17877
17887
17890
17917
17979
18042
18058
18064
18131
18149
18176
18177
18241
18448
18458
18478
18515
18578
18627
18632
18662
18705
18721
18816
18819
18840
18871
18906
18923
18958
18984
19019
19036
19052
19057
19068
19081
19093
19113
19117
19145
19152
19165
19170
19203
19219
19249
19296
19324
19373
19389
19437
19474
19482
19490
19504
19523
19617
19626
19635
19636
19668
19739
19748
19852
19964
19992
20016
20026
20082
20110
20133
20137
20140
20154
20178
20213
20250
20271
20298
20349
20405
20419
20428
20482
20554
20647
20657
20677
20689
20693
20721
20743
20761
20869
20902
20905
20966
20985
21076
21081
21128
21143
21175
21191
21260
21276
21295
21314
21316
21340
21345
21355
21377
21406
21440
21508
21534
21582
21601
21610
21820
21922
21943
21944
21983
22027
22032
22036
22083
22119
22151
22173
22189
22259
22303
22377
22391
22410
22412
22434
22437
22438
22537
22605
22640
22687
22690
22724
22727
22736
22742
22772
22774
22789
22793
22809
22837
22921
22968
22979
22982
23007
23022
23096
23112
23118
23130
23178
23184
23189
23228
23241
23278
23412
23458
23503
23514
23515
23536
23546
23559
23568
23590
23612
23646
23655
23659
23673
23716
23735
23745
23769
23786
23820
23824
23826
23835
23882
24033
24037
24069
24078
24084
24100
24101
24127
24169
24178
24192
24214
24271
24319
24336
24346
24381
24410
24442
24455
24466
24478
24527
24551
24553
24554
24588
24589
24603
24624
24627
24636
24637
24648
24711
24734
24774
24793
24814
24858
24929
24940
24950
25004
25024
25039
25068
25119
25122
25139
25195
25219
25222
25231
25252
25253
25410
25421
25423
25488
25533
25549
25628
25647
25663
25741
25766
25767
25811
25815
25853
25878
25879
25974
26016
26023
26100
26109
26121
26142
26217
26225
26273
26340
26373
26407
26408
26418
26419
26469
26470
26475
26484
26558
26603
26619
26648
26650
26700
26751
26783
26792
26803
26810
26828
26863
26901
26908
26949
27012
27095
27100
27127
27169
27184
27211
27219
27231
27244
27250
27273
27309
27341
27381
27384
27394
27433
27469
27497
27540
27573
27599
27683
27804
27879
27899
27913
27965
27982
28019
28040
28127
28149
28161
28188
28196
28252
28278
28283
28442
28453
28507
28509
28532
28543
28635
28647
28654
28685
28725
28796
28830
28854
28858
28914
29000
29002
29003
29012
29086
29091
29097
29110
29122
29140
29149
29184
29209
29235
29240
29241
29246
29311
29327
29377
29384
29425
29452
29475
29486
29487
29527
29566
29631
29639
29649
29657
29660
29704
29761
29789
29815
29839
29851
29853
29875
29877
29896
29914
30054
30062
30165
30220
30222
30243
30285
30303
30317
30325
30369
30398
30443
30509
30654
30664
30678
30703
30716
30744
30779
30859
30869
30879
30887
30908
31050
31093
31111
31202
31223
31239
31253
31368
31382
31399
31503
31505
31506
31536
31540
31560
31579
31588
31620
31634
31699
31754
31788
31803
31807
31859
31915
31920
32033
32039
32048
32062
32074
32075
32159
32190
32204
32227
32229
32231
32266
32267
32306
32340
32393
32416
32527
32555
32582
32610
32634
32652
32654
32657
32662
32663
32678
32713
32758
32771
32813
32904
32922
32927
32937
32960
32976
32977
33001
33023
33034
33052
33081
33094
33103
33106
33132
33216
33252
33286
33313
33320
33331
33348
33351
33438
33475
33483
33494
33550
33594
33602
33659
33700
33796
33816
33850
33936
33987
34034
34097
34146
34168
34181
34188
34193
34209
34245
34264
34282
34291
34315
34339
34344
34399
34401
34418
34467
34477
34487
34520
34540
34552
34616
34713
34764
34798
34838
34855
34863
34864
34883
34936
34994
35009
35032
35043
35060
35063
35067
35071
35087
35105
35156
35211
35266
35271
35306
35317
35329
35365
35374
35400
35435
35441
35538
35574
35605
35676
35690
35694
35696
35702
35785
35842
35901
35951
36061
36080
36104
36199
36304
36371
36376
36379
36389
36443
36455
36526
36615
36631
36651
36670
36679
36702
36769
36867
36926
36958
37012
37013
37027
37239
37248
37333
37386
37462
37499
37508
37528
37531
37554
37589
37591
37656
37717
37726
37797
37856
37902
37931
38023
38035
38043
38107
38160
38196
38214
38215
38220
38229
38250
38257
38290
38412
38420
38425
38467
38498
38507
38529
38536
38569
38573
38635
38639
38649
38652
38671
38686
38723
38726
38793
38848
38884
38924
38945
39001
39024
39051
39067
39130
39161
39168
39228
39245
39252
39298
39303
39318
39452
39453
39477
39486
39495
39500
39515
39536
39549
39604
39653
39691
39763
39860
39876
39890
39956
39960
39964
39997
40064
40111
40129
40134
40189
40196
40253
40259
40279
40293
40323
40337
40372
40391
40404
40447
40463
40496
40499
40522
40523
40525
40566
40617
40643
40681
40694
40762
40766
40788
40830
40831
40845
40855
40862
40889
40925
40933
40943
40946
40987
40988
41008
41032
41058
41070
41125
41131
41157
41177
41220
41233
41355
41361
41429
41454
41485
41499
41500
41513
41639
41649
41654
41664
41677
41708
41710
41768
41789
41867
41937
41951
41971
41977
42011
42056
42082
42136
42140
42183
42189
42192
42208
42221
42225
42236
42242
42256
42258
42321
42322
42329
42344
42380
42430
42437
42534
42538
42550
42590
42707
42762
42767
42798
42833
42835
42839
42880
42891
42913
42914
42926
42937
42946
42978
42987
43022
43038
43099
43126
43133
43136
43145
43241
43245
43275
43284
43291
43302
43341
43363
43364
43372
43420
43446
43532
43546
43550
43555
43563
43619
43729
43745
43771
43785
43810
43814
43852
43860
43922
43926
43931
43947
43974
43984
43995
44023
44049
44075
44102
44104
44142
44183
44214
44218
44230
44242
44279
44280
44292
44348
44352
44413
44448
44456
44469
44486
44526
44593
44614
44627
44637
44684
44733
44742
44744
44798
44811
44840
44852
44906
45041
45089
45200
45249
45253
45472
45492
45532
45720
45790
45799
45812
45816
45853
45861
45876
45916
45927
45940
45947
45948
45949
46058
46093
46184
46201
46281
46306
46309
46336
46360
46363
46435
46466
46546
46635
46817
46820
46836
46899
46919
46920
46943
46985
46996
47072
47110
47130
47141
47169
47240
47241
47284
47315
47340
47345
47375
47387
47442
47449
47454
47478
47494
47497
47556
47593
47606
47646
47648
47690
47692
47786
47799
47811
47823
47851
47863
47948
47976
47981
48022
48026
48050
48076
48101
48132
48225
48241
48242
48264
48267
48274
48296
48299
48303
48316
48323
48381
48480
48522
48533
48543
48579
48619
48620
48622
48706
48708
48741
48787
48834
48893
48945
48952
48953
48970
48990
49005
49048
49096
49100
49117
49214
49234
49297
49306
49310
49319
49322
49334
49368
49387
49419
49458
49460
49468
49481
49531
49534
49619
49641
49657
49712
49720
49775
49776
49782
49809
49846
49862
49864
49915
49934
49940
49958
49963