8
11
15
31
36
40
53
54
58
60
66
71
97
111
112
119
129
135
141
143
163
165
173
175
178
181
184
194
203
207
208
211
213
224
230
237
238
249
252
258
264
280
281
284
287
289
294
305
317
320
321
322
346
352
357
364
408
413
415
423
425
428
435
438
443
455
474
479
480
484
494
495
498
500
514
519
523
525
527
530
543
546
547
552
554
556
563
570
571
572
586
599
604
619
634
636
645
656
681
690
695
700
711
719
732
734
739
754
794
800
801
808
809
823
848
858
863
879
903
906
913
921
923
924
925
927
944
953
960
967
980
981
984
988
989
992
995
1009
1010
1013
1015
1016
1018
1022
1023
1025
1037
1040
1042
1046
1053
1067
1069
1083
1099
1100
1129
1135
1138
1143
1145
1150
1151
1157
1161
1167
1197
1199
1202
1203
1210
1211
1233
1235
1242
1245
1246
1251
1257
1265
1267
1274
1278
1285
1299
1306
1311
1320
1323
1327
1338
1343
1344
1351
1358
1362
1366
1375
1389
1430
1438
1439
1448
1450
1475
1477
1480
1482
1487
1490
1512
1513
1516
1524
1539
1557
1577
1581
1586
1607
1626
1628
1656
1677
1680
1683
1685
1687
1692
1694
1726
1736
1753
1757
1766
1770
1777
1792
1817
1828
1831
1836
1842
1852
1868
1878
1880
1884
1889
1892
1901
1903
1905
1914
1915
1916
1937
1940
1944
1945
1958
1959
1963
1971
1972
1979
1985
1986
1988
1990
8
11
15
31
36
40
53
54
58
60
66
71
97
111
112
119
129
135
141
143
163
165
173
175
178
181
184
194
203
207
208
211
213
224
230
237
238
249
252
258
264
280
281
284
287
289
294
305
317
320
321
322
346
352
357
364
408
413
415
423
425
428
435
438
443
455
474
479
480
484
494
495
498
500
514
519
523
525
527
530
543
546
547
552
554
556
563
570
571
572
586
599
604
619
634
636
645
656
681
690
695
700
711
719
732
734
739
754
794
800
801
808
809
823
848
858
863
879
903
906
913
921
923
924
925
927
944
953
960
967
980
981
984
988
989
992
995
1009
1010
1013
1015
1016
1018
1022
1023
1025
1037
1040
1042
1046
1053
1067
1069
1083
1099
1100
1129
1135
1138
1143
1145
1150
1151
1157
1161
1167
1197
1199
1202
1203
1210
1211
1233
1235
1242
1245
1246
1251
1257
1265
1267
1274
1278
1285
1299
1306
1311
1320
1323
1327
1338
1343
1344
1351
1358
1362
1366
1375
1389
1430
1438
1439
1448
1450
1475
1477
1480
1482
1487
1490
1512
1513
1516
1524
1539
1557
1577
1581
1586
1607
1626
1628
1656
1677
1680
1683
1685
1687
1692
1694
1726
1736
1753
1757
1766
1770
1777
1792
1817
1828
1831
1836
1842
1852
1868
1878
1880
1884
1889
1892
1901
1903
1905
1914
1915
1916
1937
1940
1944
1945
1958
1959
1963
1971
1972
1979
1985
1986
1988
1990
2002
2017
2021
2027
2028
2031
2042
2054
2060
2067
2070
2071
2072
2077
2078
2108
2111
2112
2115
2116
2118
2131
2132
2143
2161
2166
2175
2181
2185
2189
2190
2194
2202
2215
2225
2226
2248
2267
2276
2277
2278
2289
2304
2305
2319
2321
2328
2329
2331
2332
2333
2343
2371
2372
2378
2379
2385
2393
2401
2412
2428
2432
2440
2449
2450
2455
2465
2469
2471
2483
2485
2491
2492
2494
2505
2509
2510
2512
2517
2518
2531
2556
2588
2599
2600
2662
2663
2666
2668
2678
2680
2685
2690
2697
2704
2715
2719
2733
2734
2740
2745
2747
2749
2760
2803
2806
2821
2824
2835
2836
2837
2840
2847
2849
2866
2868
2871
2894
2907
2945
2946
2950
2956
2962
2986
2993
3013
3024
3027
3039
3047
3055
3065
3082
3135
3137
3138
3147
3160
3166
3175
3181
3185
3186
3201
3208
3212
3213
3244
3247
3259
3265
3268
3272
3286
3290
3291
3298
3307
3316
3322
3325
3328
3330
3333
3335
3347
3356
3368
3375
3384
3388
3393
3409
3412
3420
3425
3430
3432
3434
3440
3446
3482
3485
3498
3505
3521
3523
3528
3532
3542
3570
3572
3581
3594
3596
3598
3605
3606
3610
3635
3637
3638
3644
3648
3656
3660
3666
3678
3679
3693
3705
3709
3710
3716
3737
3739
3742
3744
3746
3756
3767
3778
3782
3810
3820
3856
3867
3870
3889
3894
3903
3912
3926
3927
3936
3944
3951
3959
3961
3965
3967
3971
3974
4007
4010
4019
4022
4028
4061
4070
4098
4107
4114
4117
4120
4134
4142
4147
4153
4159
4178
4201
4203
4215
4217
4223
4226
4234
4236
4239
4247
4253
4255
4269
4271
4272
4284
4289
4296
4298
4303
4316
4317
4322
4324
4326
4331
4338
4343
4344
4345
4352
4362
4363
4373
4376
4389
4401
4424
4425
4432
4444
4453
4470
4471
4484
4486
4488
4496
4513
4517
4525
4538
4545
4552
4569
4576
4597
4608
4612
4622
4626
4640
4648
4649
4653
4665
4674
4690
4694
4701
4702
4706
4707
4721
4725
4727
4733
4734
4739
4760
4764
4766
4768
4769
4780
4781
4786
4787
4797
4806
4807
4813
4829
4832
4835
4842
4845
4849
4868
4872
4876
4877
4883
4884
4892
4894
4897
4905
4906
4908
4915
4935
4952
4958
4976
4985
4991
4992
4994
5005
5009
5013
5018
5022
5038
5048
5062
5081
5112
5115
5116
5117
5124
5150
5167
5168
5169
5180
5182
5183
5202
5223
5240
5242
5248
5251
5256
5267
5268
5291
5299
5308
5318
5328
5330
5355
5361
5362
5378
5384
5394
5411
5413
5453
5458
5464
5480
5489
5507
5512
5530
5532
5535
5536
5565
5577
5582
5592
5594
5602
5616
5624
5633
5635
5665
5668
5670
5674
5678
5680
5702
5724
5734
5749
5762
5769
5773
5802
5829
5840
5842
5865
5876
5878
5880
5896
5904
5911
5913
5921
5923
5939
5942
5944
5968
5975
5977
5985
5986
5988
5991
6011
6031
6033
6042
6049
6059
6065
6074
6075
6086
6087
6102
6107
6117
6127
6132
6156
6161
6167
6192
6196
6221
6230
6259
6272
6293
6298
6303
6304
6316
6324
6328
6332
6334
6335
6347
6352
6355
6356
6360
6373
6380
6389
6397
6398
6404
6411
6412
6420
6442
6450
6455
6456
6460
6461
6479
6484
6490
6496
6498
6499
6512
6514
6528
6529
6588
6589
6591
6608
6615
6618
6630
6639
6648
6654
6660
6672
6704
6706
6713
6720
6722
6730
6736
6741
6758
6776
6779
6793
6795
6811
6818
6825
6826
6833
6841
6866
6868
6875
6886
6891
6892
6903
6916
6917
6920
6925
6935
6936
6947
6959
6961
6968
6989
6992
7002
7005
7015
7017
7020
7026
7046
7047
7053
7061
7064
7079
7080
7093
7096
7109
7116
7117
7122
7128
7130
7139
7142
7150
7151
7156
7159
7160
7166
7173
7179
7180
7181
7183
7199
7201
7213
7218
7229
7232
7238
7243
7252
7258
7263
7264
7266
7278
7281
7290
7312
7314
7323
7327
7330
7332
7335
7337
7344
7349
7351
7352
7354
7359
7363
7373
7402
7405
7408
7420
7422
7432
7435
7436
7439
7461
7470
7472
7474
7492
7496
7497
7499
7507
7515
7528
7546
7559
7575
7578
7582
7584
7588
7591
7592
7601
7602
7609
7615
7627
7632
7633
7635
7643
7645
7650
7652
7653
7662
7675
7681
7700
7705
7707
7732
7733
7735
7737
7740
7745
7754
7771
7773
7774
7776
7797
7799
7800
7819
7820
7825
7830
7844
7857
7866
7867
7869
7889
7896
7897
7906
7914
7943
7968
7970
7971
7981
7995
7999
8023
8025
8031
8042
8045
8052
8054
8064
8068
8071
8082
8083
8090
8092
8095
8099
8105
8116
8152
8160
8165
8186
8188
8191
8232
8243
8262
8276
8281
8294
8295
8316
8318
8322
8324
8340
8341
8354
8362
8365
8403
8405
8406
8412
8421
8425
8426
8430
8432
8440
8448
8449
8451
8457
8475
8479
8483
8486
8495
8499
8501
8502
8505
8507
8515
8527
8537
8540
8561
8590
8605
8611
8625
8626
8629
8631
8634
8642
8643
8654
8657
8659
8665
8666
8667
8672
8677
8699
8701
8703
8708
8715
8726
8747
8748
8751
8752
8762
8770
8772
8782
8783
8802
8810
8817
8820
8821
8824
8830
8840
8853
8855
8856
8857
8865
8870
8887
8890
8902
8913
8915
8918
8921
8925
8927
8935
8936
8939
8955
8964
8968
8980
8983
8985
8988
8995
8997
9006
9012
9038
9042
9057
9075
9082
9083
9089
9093
9098
9103
9138
9146
9151
9166
9179
9190
9192
9199
9200
9211
9218
9274
9288
9292
9302
9310
9323
9330
9340
9360
9369
9377
9393
9394
9418
9419
9468
9477
9479
9494
9497
9501
9516
9520
9524
9532
9537
9572
9576
9612
9613
9615
9620
9627
9640
9642
9655
9657
9661
9671
9672
9696
9714
9723
9726
9728
9731
9737
9738
9752
9756
9759
9780
9785
9790
9793
9794
9808
9810
9814
9819
9820
9827
9845
9850
9855
9858
9883
9884
9889
9922
9923
9926
9945
9960
9961
9969
9971
9983
9988
9989
10013
10019
10020
10041
10042
10046
10051
10053
10058
10071
10084
10087
10097
10118
10139
10140
10142
10143
10149
10152
10156
10166
10168
10184
10185
10211
10220
10227
10233
10234
10247
10248
10258
10262
10263
10274
10279
10281
10290
10297
10305
10317
10321
10322
10325
10328
10333
10337
10339
10342
10359
10366
10373
10381
10385
10391
10395
10410
10413
10428
10439
10442
10445
10461
10463
10466
10482
10500
10503
10511
10513
10515
10518
10524
10549
10560
10561
10564
10571
10582
10594
10598
10605
10615
10621
10622
10637
10639
10650
10652
10671
10684
10694
10698
10718
10726
10730
10733
10744
10786
10793
10794
10807
10813
10815
10818
10823
10825
10830
10832
10833
10837
10848
10849
10850
10864
10874
10876
10890
10892
10899
10907
10908
10919
10920
10932
10934
10938
10940
10943
10952
10955
10965
10979
10980
10987
10989
10990
11005
11009
11010
11026
11038
11041
11042
11049
11051
11057
11063
11073
11082
11091
11096
11109
11111
11112
11114
11116
11125
11126
11131
11132
11135
11146
11151
11155
11158
11161
11167
11173
11183
11188
11199
11222
11223
11227
11244
11248
11253
11266
11270
11273
11274
11288
11290
11293
11300
11313
11323
11329
11334
11338
11353
11365
11366
11372
11376
11387
11390
11404
11408
11422
11426
11430
11455
11465
11469
11471
11476
11477
11489
11495
11496
11499
11511
11514
11516
11522
11542
11543
11546
11552
11562
11576
11585
11597
11598
11599
11612
11613
11621
11627
11639
11650
11651
11653
11655
11657
11661
11669
11678
11687
11700
11705
11716
11719
11721
11722
11724
11735
11736
11738
11741
11744
11745
11747
11748
11761
11773
11774
11785
11787
11793
11799
11802
11807
11811
11814
11818
11820
11821
11822
11824
11837
11838
11839
11849
11855
11873
11877
11888
11889
11906
11913
11934
11951
11953
11954
11958
11960
11966
11974
11982
11991
12003
12005
12007
12008
12012
12013
12015
12016
12018
12032
12036
12039
12046
12052
12053
12068
12069
12073
12077
12079
12080
12101
12126
12131
12134
12137
12146
12149
12155
12161
12167
12170
12172
12173
12181
12184
12185
12207
12216
12218
12221
12233
12242
12260
12265
12283
12284
12285
12295
12304
12313
12321
12322
12331
12333
12344
12347
12350
12351
12352
12353
12362
12374
12380
12382
12393
12411
12412
12419
12421
12422
12431
12434
12438
12445
12452
12466
12469
12475
12478
12494
12495
12496
12505
12526
12531
12532
12542
12550
12562
12568
12572
12580
12586
12595
12623
12633
12645
12672
12682
12686
12693
12702
12704
12708
12711
12715
12724
12747
12748
12750
12763
12781
12798
12821
12834
12837
12844
12856
12871
12889
12896
12902
12905
12909
12912
12914
12923
12925
12930
12933
12935
12941
12945
12952
12971
12979
12993
13014
13018
13023
13031
13033
13035
13036
13043
13067
13068
13086
13087
13128
13202
13205
13207
13265
13296
13300
13307
13310
13311
13317
13332
13337
13358
13365
13368
13369
13370
13378
13382
13399
13401
13404
13406
13407
13409
13411
13413
13415
13416
13420
13423
13430
13433
13447
13456
13467
13472
13473
13486
13504
13506
13519
13521
13522
13530
13537
13556
13573
13581
13582
13596
13602
13612
13616
13619
13622
13623
13626
13630
13646
13654
13662
13664
13714
13715
13723
13724
13734
13745
13748
13772
13773
13782
13783
13795
13796
13813
13819
13820
13822
13833
13834
13835
13838
13841
13843
13858
13860
13871
13881
13899
13908
13912
13914
13916
13917
13923
13936
13942
13949
13953
13954
13964
13970
13972
13990
13995
14008
14025
14032
14044
14045
14050
14052
14054
14058
14071
14077
14080
14095
14096
14108
14111
14116
14117
14124
14137
14139
14145
14146
14147
14153
14156
14157
14158
14159
14162
14172
14173
14187
14188
14196
14208
14212
14215
14216
14225
14231
14242
14254
14256
14258
14262
14276
14277
14280
14290
14292
14301
14311
14312
14313
14321
14326
14327
14329
14344
14345
14349
14364
14366
14369
14373
14374
14376
14379
14380
14383
14400
14401
14408
14414
14442
14443
14449
14450
14456
14457
14468
14469
14471
14472
14474
14479
14497
14502
14505
14515
14523
14524
14526
14532
14539
14540
14551
14552
14553
14556
14558
14559
14587
14597
14599
14608
14622
14623
14624
14625
14626
14631
14646
14647
14652
14653
14678
14686
14702
14709
14716
14720
14721
14722
14758
14763
14770
14773
14775
14795
14797
14800
14802
14808
14809
14811
14815
14821
14823
14831
14834
14841
14845
14860
14874
14878
14900
14906
14908
14915
14926
14927
14934
14935
14939
14945
14950
14958
14960
14979
14983
14984
14988
14997
15002
15006
15009
15018
15054
15057
15070
15087
15094
15100
15104
15117
15119
15128
15131
15149
15151
15152
15155
15188
15189
15196
15198
15200
15213
15215
15216
15220
15248
15250
15258
15270
15271
15290
15309
15313
15317
15331
15334
15337
15340
15341
15346
15351
15353
15355
15357
15358
15368
15378
15389
15417
15421
15430
15432
15456
15461
15464
15485
15486
15490
15492
15495
15499
15501
15512
15517
15528
15534
15537
15540
15556
15568
15571
15585
15595
15596
15597
15598
15607
15619
15622
15637
15647
15654
15656
15669
15671
15677
15681
15682
15684
15687
15690
15691
15693
15694
15699
15701
15718
15733
15735
15742
15748
15755
15759
15788
15789
15799
15810
15816
15817
15820
15823
15826
15828
15830
15833
15837
15838
15844
15851
15852
15869
15871
15878
15895
15897
15900
15901
15918
15920
15921
15927
15946
15949
15964
15966
15973
16003
16025
16038
16039
16043
16049
16053
16062
16065
16067
16085
16088
16097
16107
16111
16120
16123
16124
16130
16132
16140
16143
16145
16155
16173
16176
16193
16196
16197
16207
16210
16219
16222
16224
16239
16247
16254
16258
16259
16262
16264
16276
16294
16295
16297
16300
16320
16326
16331
16340
16353
16355
16356
16359
16363
16367
16371
16376
16386
16391
16399
16402
16417
16433
16434
16436
16446
16462
16475
16476
16480
16489
16497
16515
16516
16518
16519
16520
16524
16532
16540
16541
16546
16553
16554
16573
16575
16577
16582
16599
16601
16606
16624
16627
16638
16651
16679
16683
16696
16724
16760
16764
16784
16789
16793
16796
16801
16805
16807
16816
16830
16831
16837
16842
16844
16845
16853
16857
16858
16863
16877
16888
16889
16901
16909
16913
16915
16921
16928
16931
16939
16940
16942
16954
16957
16961
16969
16971
16977
16991
17006
17008
17015
17017
17024
17025
17027
17046
17051
17061
17075
17085
17087
17100
17107
17121
17125
17140
17141
17153
17163
17184
17201
17206
17207
17218
17225
17229
17233
17235
17239
17241
17242
17247
17248
17256
17257
17262
17285
17291
17300
17301
17310
17313
17321
17327
17331
17344
17346
17349
17352
17354
17360
17361
17368
17373
17390
17401
17404
17412
17413
17415
17425
17428
17434
17437
17441
17464
17470
17479
17480
17481
17484
17493
17505
17508
17509
17518
17524
17537
17540
17543
17545
17549
17552
17554
17560
17565
17567
17580
17589
17591
17594
17600
17604
17631
17641
17642
17645
17654
17656
17659
17713
17719
17721
17741
17748
17752
17755
17756
17760
17761
17767
17769
17788
17794
17804
17805
17806
17819
17824
17825
17828
17845
17854
17855
17860
17874
17879
17891
17893
17894
17899
17912
17922
17927
17947
17962
17963
17967
17978
17996
17999
18000
18013
18019
18023
18024
18032
18037
18038
18039
18051
18052
18058
18063
18064
18065
18077
18085
18086
18091
18092
18109
18113
18129
18130
18136
18145
18155
18157
18174
18175
18176
18180
18183
18189
18203
18220
18232
18234
18243
18245
18269
18277
18287
18294
18303
18308
18313
18325
18328
18330
18345
18347
18352
18356
18359
18361
18385
18391
18392
18403
18422
18437
18448
18453
18458
18460
18465
18466
18479
18484
18507
18508
18510
18516
18520
18529
18531
18537
18544
18550
18551
18580
18588
18600
18602
18604
18610
18657
18660
18661
18672
18673
18674
18681
18686
18689
18703
18709
18715
18723
18724
18738
18741
18750
18754
18773
18781
18789
18806
18816
18819
18826
18827
18831
18840
18849
18850
18851
18866
18874
18881
18893
18904
18912
18913
18921
18953
18958
18963
18970
18974
18984
18988
18991
18992
19016
19021
19041
19044
19046
19048
19050
19052
19056
19079
19085
19090
19104
19107
19109
19115
19145
19159
19162
19178
19185
19190
19201
19202
19214
19216
19219
19228
19242
19243
19253
19260
19267
19268
19274
19276
19278
19290
19304
19307
19324
19327
19333
19334
19336
19338
19344
19360
19372
19385
19394
19399
19402
19404
19407
19412
19426
19430
19462
19464
19465
19466
19467
19470
19479
19482
19486
19492
19497
19522
19540
19547
19552
19557
19563
19567
19585
19587
19601
19618
19620
19628
19630
19633
19643
19668
19687
19690
19701
19704
19710
19714
19717
19728
19755
19759
19765
19768
19771
19773
19779
19789
19796
19813
19850
19870
19873
19880
19887
19888
19915
19920
19923
19927
19939
19943
19955
19957
19958
19965
19978
19984
19993
20017
20023
20027
20033
20057
20065
20070
20076
20087
20101
20109
20110
20113
20115
20117
20118
20119
20128
20133
20134
20136
20146
20154
20159
20164
20169
20174
20180
20185
20193
20196
20198
20205
20211
20226
20237
20240
20246
20254
20257
20262
20290
20294
20300
20308
20309
20319
20320
20321
20343
20350
20357
20364
20370
20373
20376
20377
20379
20384
20395
20415
20442
20449
20455
20458
20462
20468
20474
20481
20482
20494
20497
20498
20503
20507
20508
20528
20539
20558
20560
20563
20579
20627
20629
20642
20644
20651
20660
20662
20677
20682
20685
20692
20693
20695
20697
20699
20715
20734
20735
20746
20751
20759
20764
20766
20768
20774
20775
20776
20791
20800
20811
20816
20849
20851
20854
20857
20858
20859
20865
20878
20898
20902
20904
20905
20906
20914
20915
20917
20918
20925
20929
20952
20961
20964
20973
20981
20994
21014
21030
21034
21043
21052
21056
21058
21065
21077
21078
21085
21094
21095
21106
21117
21121
21130
21132
21145
21150
21157
21162
21164
21168
21177
21198
21206
21220
21228
21229
21231
21233
21238
21245
21258
21259
21267
21278
21292
21295
21310
21314
21317
21322
21327
21328
21339
21363
21364
21371
21377
21380
21383
21387
21416
21419
21421
21427
21440
21445
21451
21453
21454
21456
21457
21458
21470
21472
21474
21476
21499
21507
21538
21541
21547
21556
21582
21584
21585
21586
21595
21610
21612
21628
21638
21644
21659
21667
21672
21673
21687
21690
21696
21701
21704
21708
21724
21729
21732
21745
21763
21787
21798
21804
21806
21812
21813
21819
21825
21826
21830
21833
21835
21841
21843
21845
21855
21859
21883
21901
21904
21919
21922
21923
21956
21958
21961
21966
21971
21972
21978
21979
21983
21990
21995
21998
22001
22002
22016
22031
22034
22053
22056
22071
22072
22078
22088
22091
22096
22102
22126
22129
22137
22144
22145
22151
22156
22159
22164
22184
22186
22188
22189
22190
22193
22199
22216
22218
22219
22227
22248
22259
22265
22270
22304
22320
22329
22330
22332
22334
22340
22342
22365
22366
22374
22377
22399
22405
22406
22407
22417
22422
22424
22427
22432
22433
22434
22437
22441
22445
22453
22465
22475
22477
22490
22493
22501
22514
22516
22525
22530
22532
22536
22537
22547
22553
22565
22572
22601
22602
22620
22623
22647
22654
22662
22664
22673
22676
22683
22694
22703
22707
22709
22737
22749
22752
22757
22772
22774
22776
22777
22782
22789
22791
22793
22828
22835
22837
22852
22879
22884
22885
22890
22901
22902
22907
22920
22922
22924
22931
22933
22934
22935
22947
22952
22960
22968
22975
22981
22984
22999
23003
23011
23015
23018
23020
23039
23044
23054
23060
23066
23069
23079
23081
23090
23095
23103
23109
23114
23121
23123
23145
23147
23151
23174
23178
23206
23207
23223
23237
23244
23261
23274
23276
23282
23283
23285
23289
23290
23291
23293
23306
23317
23320
23321
23334
23355
23363
23364
23367
23369
23382
23394
23401
23406
23408
23415
23419
23425
23426
23441
23446
23451
23454
23457
23459
23461
23485
23490
23499
23508
23510
23519
23523
23526
23530
23541
23543
23544
23550
23556
23559
23570
23584
23586
23589
23616
23633
23636
23637
23638
23640
23642
23657
23662
23671
23679
23682
23683
23684
23688
23689
23692
23718
23719
23720
23721
23722
23727
23729
23730
23751
23754
23756
23766
23776
23782
23784
23791
23808
23821
23822
23834
23836
23838
23841
23842
23843
23852
23853
23881
23883
23885
23886
23890
23909
23917
23921
23924
23929
23932
23937
23952
23954
23971
23975
23981
23998
24008
24018
24024
24038
24044
24046
24048
24049
24050
24051
24055
24067
24094
24118
24123
24128
24133
24162
24163
24171
24176
24182
24184
24185
24197
24206
24212
24213
24214
24217
24236
24238
24250
24264
24266
24268
24273
24278
24292
24294
24303
24305
24318
24328
24348
24349
24354
24362
24364
24381
24383
24385
24396
24403
24404
24415
24417
24431
24452
24457
24469
24474
24477
24487
24489
24500
24503
24511
24515
24518
24523
24530
24545
24549
24551
24565
24576
24580
24586
24587
24595
24607
24647
24656
24657
24682
24701
24706
24708
24710
24711
24718
24720
24723
24731
24732
24733
24742
24755
24761
24770
24774
24780
24783
24811
24826
24827
24828
24842
24851
24858
24861
24875
24878
24880
24881
24885
24892
24906
24910
24911
24940
24977
25002
25004
25007
25013
25015
25020
25021
25036
25037
25038
25039
25046
25052
25054
25058
25068
25070
25077
25084
25085
25100
25102
25103
25110
25111
25144
25165
25180
25184
25206
25212
25238
25257
25265
25268
25278
25279
25283
25286
25289
25293
25294
25301
25302
25303
25315
25326
25328
25349
25363
25365
25375
25380
25382
25386
25393
25396
25399
25403
25419
25425
25438
25444
25446
25471
25475
25478
25490
25522
25531
25534
25540
25545
25550
25561
25571
25577
25580
25587
25588
25599
25602
25610
25614
25615
25630
25641
25645
25659
25668
25691
25698
25700
25702
25714
25715
25742
25763
25766
25777
25799
25808
25812
25817
25823
25829
25831
25835
25836
25838
25839
25846
25867
25885
25915
25917
25918
25921
25922
25923
25928
25929
25930
25936
25937
25943
25944
25955
25956
25960
25966
25967
25974
25975
25976
25979
25981
25983
25984
25988
25990
25991
25993
26002
26009
26012
26015
26032
26037
26040
26041
26042
26049
26055
26056
26068
26070
26073
26089
26092
26099
26105
26110
26116
26118
26133
26137
26140
26141
26144
26148
26155
26156
26163
26169
26176
26182
26191
26196
26206
26215
26221
26229
26240
26241
26249
26252
26253
26268
26269
26278
26287
26296
26297
26298
26311
26312
26330
26341
26343
26378
26380
26381
26382
26388
26391
26394
26426
26456
26466
26479
26491
26498
26499
26508
26527
26529
26530
26532
26535
26549
26550
26553
26558
26561
26578
26582
26591
26607
26618
26620
26631
26636
26638
26641
26650
26662
26666
26670
26675
26682
26683
26685
26688
26692
26700
26710
26711
26720
26738
26739
26741
26742
26754
26772
26793
26795
26797
26800
26804
26808
26830
26832
26841
26853
26858
26859
26873
26885
26892
26893
26899
26909
26919
26920
26925
26929
26930
26932
26933
26942
26947
26958
26987
26990
26992
26993
26998
26999
27000
27009
27013
27017
27026
27031
27032
27035
27044
27057
27079
27080
27113
27130
27137
27144
27147
27149
27191
27225
27227
27233
27238
27240
27250
27253
27269
27271
27277
27278
27288
27292
27302
27303
27306
27307
27308
27312
27343
27348
27350
27358
27359
27360
27363
27378
27382
27396
27411
27415
27442
27447
27455
27461
27468
27484
27492
27495
27497
27502
27522
27537
27541
27542
27544
27548
27549
27553
27560
27565
27566
27575
27585
27587
27589
27599
27601
27627
27642
27651
27659
27663
27673
27674
27678
27683
27697
27701
27705
27710
27711
27725
27728
27733
27734
27738
27744
27746
27752
27755
27762
27776
27778
27783
27806
27807
27829
27836
27858
27860
27902
27903
27933
27935
27940
27950
27961
27962
27966
27970
27971
27974
27981
27997
28004
28005
28020
28023
28026
28029
28039
28051
28056
28057
28060
28067
28068
28072
28076
28080
28090
28094
28102
28103
28108
28117
28121
28137
28157
28158
28160
28162
28170
28172
28173
28174
28175
28178
28195
28196
28200
28220
28222
28229
28230
28239
28241
28249
28257
28258
28263
28264
28271
28281
28294
28296
28317
28319
28325
28327
28329
28335
28362
28395
28402
28423
28431
28432
28439
28440
28446
28447
28457
28458
28478
28480
28489
28495
28501
28507
28509
28519
28522
28527
28533
28535
28537
28538
28540
28541
28543
28556
28567
28582
28589
28602
28608
28612
28613
28616
28619
28623
28628
28635
28640
28644
28676
28682
28698
28706
28707
28711
28714
28718
28719
28725
28749
28760
28761
28768
28789
28794
28801
28812
28815
28822
28827
28831
28832
28834
28840
28843
28849
28867
28871
28873
28878
28879
28884
28885
28886
28888
28889
28898
28909
28913
28927
28931
28953
28958
28963
28967
28969
28981
28989
28991
28992
29008
29011
29013
29028
29043
29046
29049
29051
29060
29062
29071
29072
29092
29095
29106
29108
29109
29119
29124
29137
29145
29146
29147
29156
29163
29164
29168
29173
29179
29199
29201
29202
29204
29205
29209
29224
29240
29251
29257
29267
29268
29283
29287
29294
29319
29342
29361
29366
29370
29372
29373
29374
29379
29382
29390
29397
29398
29444
29454
29459
29475
29477
29484
29492
29504
29509
29523
29525
29527
29533
29538
29551
29560
29581
29583
29600
29611
29620
29621
29623
29646
29653
29654
29667
29672
29673
29675
29676
29679
29686
29698
29699
29701
29702
29716
29719
29723
29724
29728
29730
29736
29741
29753
29764
29766
29779
29793
29797
29798
29802
29814
29828
29837
29838
29839
29846
29849
29856
29858
29867
29872
29879
29885
29888
29903
29905
29936
29947
29950
29951
29962
29970
29977
29985
29986
30003
30025
30035
30043
30062
30068
30071
30082
30092
30094
30103
30107
30113
30114
30117
30137
30138
30152
30153
30160
30182
30188
30191
30192
30205
30214
30217
30221
30232
30236
30244
30249
30253
30255
30258
30273
30274
30276
30277
30278
30284
30296
30298
30321
30322
30324
30326
30365
30371
30372
30376
30377
30388
30401
30406
30408
30409
30412
30414
30415
30419
30427
30435
30436
30441
30444
30451
30459
30486
30490
30501
30507
30513
30520
30530
30537
30540
30541
30543
30563
30565
30572
30574
30577
30582
30588
30589
30592
30594
30607
30622
30623
30630
30655
30660
30667
30674
30675
30677
30686
30687
30703
30705
30707
30708
30712
30715
30725
30733
30735
30736
30737
30740
30757
30767
30783
30784
30785
30791
30802
30803
30810
30823
30829
30840
30858
30867
30873
30881
30886
30887
30893
30897
30925
30954
30959
30960
30961
30962
30972
30984
30987
30991
30993
31010
31012
31013
31026
31038
31040
31041
31043
31044
31055
31071
31079
31082
31090
31102
31115
31123
31125
31131
31157
31164
31204
31208
31212
31213
31217
31226
31231
31237
31247
31250
31252
31253
31255
31261
31262
31267
31274
31275
31295
31301
31308
31342
31344
31346
31348
31353
31361
31372
31394
31409
31411
31422
31428
31431
31435
31437
31456
31465
31481
31486
31493
31500
31506
31507
31516
31517
31540
31554
31576
31581
31588
31592
31599
31602
31615
31637
31638
31644
31646
31663
31678
31681
31695
31704
31710
31714
31715
31718
31725
31740
31745
31746
31756
31758
31760
31764
31771
31788
31790
31808
31809
31821
31825
31829
31830
31841
31843
31857
31862
31875
31885
31887
31890
31896
31899
31909
31949
31954
31966
31968
31972
31998
32003
32061
32067
32069
32072
32076
32091
32093
32100
32104
32106
32113
32114
32126
32129
32138
32139
32144
32145
32147
32149
32156
32189
32196
32197
32200
32202
32205
32211
32213
32215
32228
32229
32231
32233
32238
32263
32265
32283
32289
32302
32316
32326
32330
32338
32361
32367
32372
32376
32380
32388
32395
32411
32419
32423
32427
32435
32437
32438
32448
32454
32456
32476
32487
32488
32501
32505
32509
32526
32534
32537
32550
32551
32562
32570
32575
32577
32580
32592
32595
32604
32612
32615
32633
32638
32646
32650
32662
32672
32674
32679
32683
32690
32692
32716
32721
32740
32764
32767
32776
32785
32793
32796
32797
32810
32811
32824
32826
32864
32865
32871
32880
32903
32922
32931
32952
32980
32997
32999
33000
33006
33008
33013
33029
33032
33035
33037
33040
33046
33047
33056
33078
33092
33097
33099
33114
33121
33122
33146
33156
33185
33186
33187
33188
33190
33193
33194
33195
33216
33224
33226
33232
33240
33241
33242
33268
33272
33275
33278
33287
33297
33302
33305
33308
33312
33316
33321
33337
33341
33355
33356
33359
33364
33386
33391
33398
33399
33409
33428
33430
33434
33452
33453
33456
33459
33471
33483
33495
33500
33534
33544
33549
33563
33570
33594
33609
33612
33614
33619
33627
33637
33641
33645
33649
33664
33665
33668
33670
33671
33673
33676
33683
33689
33694
33699
33705
33713
33714
33719
33732
33735
33738
33749
33761
33762
33768
33770
33772
33781
33795
33797
33802
33808
33811
33828
33843
33854
33855
33867
33881
33886
33891
33895
33899
33910
33934
33941
33949
33970
33974
33983
33985
33990
33992
33997
34007
34030
34031
34032
34058
34060
34065
34075
34076
34080
34098
34099
34100
34111
34145
34146
34147
34163
34164
34166
34174
34177
34189
34198
34203
34210
34211
34218
34219
34239
34240
34242
34243
34249
34258
34264
34269
34273
34275
34277
34281
34282
34283
34284
34293
34302
34309
34312
34321
34325
34330
34331
34332
34348
34365
34372
34378
34389
34395
34406
34410
34414
34422
34440
34441
34446
34463
34492
34526
34527
34533
34535
34539
34546
34550
34552
34565
34566
34567
34571
34572
34581
34582
34583
34589
34590
34601
34609
34611
34643
34670
34672
34682
34692
34705
34714
34722
34731
34734
34740
34760
34762
34763
34765
34786
34790
34796
34797
34816
34818
34826
34830
34859
34869
34874
34875
34894
34909
34914
34915
34946
34947
34955
34956
34968
34988
34989
34990
34995
35014
35025
35035
35039
35052
35062
35071
35076
35079
35083
35084
35088
35089
35113
35120
35128
35144
35152
35159
35160
35162
35168
35169
35187
35188
35203
35214
35219
35226
35229
35250
35251
35277
35307
35312
35314
35321
35326
35329
35349
35358
35364
35367
35372
35374
35377
35386
35389
35397
35398
35404
35413
35419
35424
35426
35434
35444
35445
35451
35454
35459
35461
35469
35470
35472
35496
35520
35536
35542
35591
35593
35594
35602
35606
35609
35619
35620
35622
35624
35633
35635
35638
35640
35654
35678
35680
35696
35697
35704
35706
35715
35718
35729
35743
35749
35755
35764
35772
35784
35785
35793
35795
35803
35804
35809
35855
35867
35878
35880
35881
35888
35889
35892
35895
35901
35906
35909
35916
35920
35928
35934
35935
35943
35954
35961
35963
35970
35982
35986
36004
36005
36008
36018
36023
36024
36029
36030
36056
36057
36059
36074
36086
36089
36093
36101
36103
36107
36109
36110
36115
36116
36118
36119
36124
36133
36150
36154
36157
36164
36165
36168
36184
36198
36200
36201
36203
36204
36212
36220
36222
36223
36228
36254
36270
36294
36301
36304
36308
36317
36328
36329
36342
36378
36383
36385
36413
36425
36433
36446
36449
36455
36459
36474
36477
36478
36482
36485
36492
36514
36525
36530
36554
36557
36558
36576
36579
36594
36595
36598
36608
36609
36612
36621
36627
36632
36636
36642
36643
36647
36650
36656
36657
36658
36667
36668
36679
36686
36687
36688
36701
36705
36723
36727
36737
36738
36744
36763
36764
36773
36791
36792
36802
36831
36854
36859
36882
36900
36904
36905
36911
36917
36921
36925
36926
36928
36930
36932
36933
36951
36967
36971
36976
36980
36983
36999
37004
37017
37019
37023
37025
37053
37060
37077
37083
37092
37095
37096
37099
37107
37109
37111
37115
37139
37153
37160
37169
37173
37177
37182
37201
37222
37226
37234
37244
37245
37249
37261
37263
37283
37298
37300
37306
37326
37337
37342
37362
37366
37408
37412
37413
37427
37432
37439
37464
37466
37504
37511
37521
37523
37525
37532
37556
37561
37565
37585
37587
37589
37591
37597
37598
37603
37612
37622
37631
37639
37647
37663
37680
37681
37688
37690
37702
37706
37707
37708
37716
37718
37720
37725
37732
37733
37742
37743
37750
37752
37756
37766
37768
37771
37781
37798
37802
37805
37808
37820
37843
37851
37857
37863
37864
37875
37892
37894
37901
37905
37909
37933
37941
37944
37951
37970
37984
37989
37993
37995
38000
38005
38014
38020
38029
38045
38066
38076
38079
38086
38087
38092
38096
38115
38143
38154
38158
38162
38165
38170
38177
38179
38184
38188
38189
38190
38193
38197
38221
38224
38227
38233
38237
38238
38246
38257
38266
38268
38272
38276
38279
38283
38292
38310
38322
38326
38327
38347
38362
38376
38382
38384
38386
38389
38391
38398
38403
38404
38420
38421
38423
38458
38463
38478
38481
38497
38505
38518
38521
38522
38529
38533
38541
38552
38553
38560
38564
38567
38574
38588
38589
38594
38595
38606
38613
38626
38628
38633
38634
38639
38653
38654
38657
38660
38664
38668
38672
38685
38687
38688
38698
38702
38716
38717
38721
38728
38729
38740
38766
38768
38783
38784
38788
38794
38795
38807
38811
38813
38827
38834
38848
38854
38860
38863
38868
38871
38873
38874
38886
38890
38892
38895
38902
38912
38915
38931
38933
38945
38951
38961
38974
38977
38979
38980
38989
38990
39000
39004
39017
39019
39032
39035
39036
39041
39045
39050
39054
39056
39065
39070
39073
39086
39089
39097
39111
39116
39118
39125
39127
39128
39135
39149
39155
39173
39196
39198
39201
39207
39208
39211
39220
39230
39235
39237
39241
39249
39255
39257
39269
39277
39282
39299
39301
39302
39305
39307
39334
39343
39347
39351
39352
39377
39387
39395
39396
39412
39413
39442
39443
39444
39445
39446
39453
39462
39473
39479
39496
39500
39501
39506
39507
39510
39512
39515
39516
39517
39530
39548
39552
39558
39559
39570
39577
39584
39586
39589
39639
39642
39659
39666
39677
39695
39698
39713
39729
39737
39738
39749
39764
39772
39773
39784
39793
39799
39816
39820
39825
39833
39842
39845
39850
39867
39870
39873
39891
39902
39918
39929
39931
39935
39940
39949
39958
39970
39975
39994
40008
40013
40022
40023
40024
40028
40029
40051
40064
40075
40078
40080
40117
40131
40142
40151
40180
40184
40194
40197
40204
40207
40209
40217
40223
40224
40240
40268
40269
40271
40273
40274
40296
40322
40325
40342
40343
40362
40388
40389
40390
40401
40408
40409
40416
40419
40423
40451
40458
40459
40470
40475
40480
40482
40483
40489
40494
40521
40526
40527
40531
40533
40539
40549
40552
40555
40566
40569
40583
40584
40605
40624
40625
40638
40645
40652
40671
40691
40700
40710
40732
40733
40738
40741
40743
40747
40750
40753
40766
40793
40805
40814
40818
40819
40831
40834
40853
40855
40862
40863
40871
40872
40879
40883
40892
40913
40922
40941
40946
40954
40955
40978
40990
40991
40997
40999
41000
41014
41016
41019
41020
41027
41032
41036
41040
41082
41090
41105
41109
41116
41119
41124
41126
41128
41129
41143
41144
41146
41153
41163
41167
41177
41185
41191
41193
41198
41201
41204
41208
41210
41213
41218
41225
41226
41243
41246
41250
41253
41264
41267
41276
41277
41278
41289
41291
41295
41296
41301
41303
41321
41325
41331
41333
41344
41347
41350
41351
41372
41374
41375
41379
41382
41393
41397
41403
41422
41428
41430
41447
41474
41480
41482
41501
41503
41506
41533
41540
41543
41544
41547
41551
41562
41564
41568
41569
41572
41577
41591
41605
41607
41611
41631
41632
41639
41644
41652
41654
41674
41695
41704
41706
41731
41733
41734
41736
41741
41752
41755
41775
41779
41783
41793
41796
41802
41805
41810
41811
41814
41816
41831
41851
41874
41890
41894
41907
41941
41947
41972
41973
42000
42001
42004
42009
42039
42041
42048
42061
42070
42075
42079
42085
42098
42119
42130
42137
42143
42149
42154
42159
42163
42165
42166
42171
42174
42177
42179
42181
42182
42184
42187
42188
42191
42194
42199
42205
42208
42211
42213
42216
42219
42222
42223
42224
42228
42231
42245
42246
42248
42249
42254
42264
42270
42271
42272
42275
42288
42290
42293
42294
42296
42300
42306
42314
42315
42323
42327
42329
42330
42336
42339
42346
42349
42355
42359
42367
42380
42399
42433
42434
42441
42456
42458
42462
42484
42509
42513
42532
42534
42539
42541
42545
42546
42558
42559
42560
42566
42573
42574
42577
42595
42596
42598
42606
42614
42623
42649
42652
42654
42661
42668
42675
42677
42697
42699
42702
42705
42706
42711
42731
42736
42739
42754
42757
42760
42764
42765
42773
42790
42795
42796
42797
42798
42801
42814
42819
42827
42835
42837
42839
42844
42850
42852
42853
42854
42861
42881
42883
42897
42911
42923
42940
42948
42949
42950
42956
42974
42982
42983
42986
42990
42993
42999
43004
43005
43065
43070
43071
43074
43082
43096
43102
43115
43116
43125
43132
43145
43150
43168
43170
43171
43174
43176
43178
43182
43194
43196
43212
43216
43220
43221
43231
43256
43264
43267
43270
43287
43288
43293
43297
43300
43303
43304
43311
43319
43320
43338
43339
43350
43352
43353
43354
43356
43362
43364
43368
43369
43370
43374
43385
43388
43393
43396
43400
43405
43410
43412
43425
43427
43432
43445
43454
43464
43467
43487
43489
43490
43496
43508
43513
43532
43546
43551
43575
43579
43587
43592
43594
43600
43602
43610
43613
43631
43649
43653
43658
43677
43685
43688
43693
43697
43743
43751
43762
43763
43764
43766
43767
43772
43780
43794
43812
43834
43856
43860
43870
43871
43877
43878
43879
43884
43885
43892
43900
43911
43912
43913
43934
43938
43945
43971
43977
43990
43994
44004
44006
44022
44034
44040
44050
44051
44056
44057
44064
44068
44069
44070
44073
44082
44085
44091
44093
44098
44104
44129
44130
44133
44137
44143
44144
44156
44186
44188
44190
44203
44212
44213
44224
44241
44252
44262
44263
44276
44285
44290
44291
44292
44293
44306
44311
44312
44318
44342
44345
44347
44348
44370
44381
44397
44401
44408
44419
44421
44426
44431
44432
44439
44449
44468
44486
44488
44490
44500
44505
44513
44518
44526
44527
44530
44532
44558
44559
44561
44562
44566
44578
44579
44580
44589
44592
44593
44600
44604
44609
44613
44626
44631
44632
44644
44667
44669
44675
44696
44725
44736
44745
44757
44758
44763
44777
44778
44791
44814
44817
44822
44844
44848
44863
44864
44877
44878
44881
44882
44897
44911
44913
44917
44921
44922
44923
44924
44944
44948
44960
44970
44977
44978
44981
44982
44995
45001
45003
45009
45029
45044
45062
45063
45066
45081
45086
45107
45108
45121
45129
45131
45139
45140
45152
45154
45157
45159
45163
45191
45195
45211
45215
45217
45219
45238
45240
45257
45259
45266
45267
45270
45280
45282
45288
45290
45292
45297
45301
45306
45310
45333
45334
45335
45344
45366
45376
45385
45387
45390
45401
45402
45410
45434
45456
45458
45469
45472
45477
45478
45483
45501
45513
45528
45532
45557
45559
45563
45590
45591
45598
45602
45615
45622
45624
45627
45630
45631
45633
45640
45658
45664
45666
45678
45687
45701
45711
45713
45722
45725
45726
45747
45756
45760
45803
45819
45827
45833
45841
45853
45855
45861
45875
45886
45904
45906
45909
45926
45949
45954
45955
45956
45962
45981
46004
46007
46011
46015
46034
46044
46049
46055
46070
46078
46086
46095
46096
46104
46105
46117
46121
46126
46127
46129
46142
46143
46149
46156
46165
46180
46189
46191
46192
46194
46207
46215
46218
46234
46236
46242
46251
46257
46261
46271
46275
46298
46300
46305
46323
46328
46335
46338
46349
46356
46362
46374
46402
46407
46408
46435
46437
46438
46441
46443
46447
46456
46457
46466
46470
46475
46482
46489
46501
46502
46509
46515
46516
46518
46532
46542
46563
46569
46583
46585
46586
46600
46606
46618
46627
46633
46659
46661
46684
46702
46715
46717
46718
46735
46736
46744
46754
46758
46760
46761
46776
46778
46790
46794
46798
46802
46808
46814
46847
46849
46859
46866
46868
46898
46899
46901
46916
46917
46924
46937
46939
46943
46953
46954
46964
46972
46973
46978
46982
46986
46996
47000
47005
47014
47036
47040
47061
47066
47072
47073
47112
47116
47148
47164
47169
47184
47190
47198
47202
47203
47211
47225
47235
47244
47254
47256
47258
47260
47265
47266
47276
47285
47296
47298
47306
47307
47310
47311
47314
47327
47329
47330
47334
47338
47339
47344
47349
47350
47359
47376
47379
47384
47387
47404
47422
47435
47436
47447
47451
47460
47468
47473
47478
47481
47488
47493
47501
47503
47527
47528
47556
47560
47563
47569
47576
47582
47586
47599
47600
47603
47627
47631
47640
47648
47650
47657
47666
47667
47671
47682
47698
47716
47724
47739
47742
47746
47758
47762
47763
47772
47776
47777
47779
47785
47792
47795
47801
47806
47809
47826
47827
47857
47862
47863
47865
47887
47904
47910
47921
47931
47936
47942
47949
47953
47954
48007
48017
48019
48039
48042
48043
48054
48066
48072
48078
48080
48081
48089
48092
48097
48100
48101
48106
48107
48108
48110
48114
48118
48123
48124
48131
48132
48148
48149
48160
48163
48166
48167
48178
48179
48190
48191
48192
48223
48238
48240
48242
48257
48264
48265
48267
48270
48292
48297
48305
48337
48339
48340
48347
48351
48359
48361
48366
48383
48385
48394
48404
48450
48468
48500
48502
48508
48519
48531
48543
48544
48547
48549
48569
48573
48574
48575
48578
48581
48584
48588
48598
48622
48624
48629
48645
48666
48679
48690
48704
48708
48709
48713
48716
48720
48724
48725
48727
48734
48735
48736
48742
48744
48776
48777
48785
48788
48794
48803
48806
48807
48827
48834
48838
48858
48862
48864
48868
48874
48877
48878
48881
48917
48923
48924
48929
48932
48933
48936
48937
48955
48966
48974
48996
49015
49026
49052
49063
49097
49100
49101
49106
49115
49122
49135
49138
49143
49152
49153
49157
49162
49170
49181
49182
49184
49186
49188
49197
49208
49214
49226
49243
49251
49260
49261
49267
49274
49280
49281
49285
49288
49301
49303
49304
49317
49325
49336
49346
49353
49362
49364
49371
49380
49395
49402
49412
49423
49427
49435
49437
49440
49447
49453
49468
49492
49499
49501
49503
49528
49534
49560
49561
49571
49601
49606
49622
49634
49639
49641
49643
49646
49652
49681
49694
49705
49709
49734
49735
49774
49776
49777
49781
49786
49789
49794
49795
49798
49819
49830
49841
49842
49860
49862
49867
49887
49891
49898
49904
49911
49915
49918
49921
49936
49940
49945
49946
49986
49993
